
20
101
155

animal:1
animal:2
animal:3
animal:4
animal:5
animal:6
animal:7
animal:8
animal:9
animal:10
animal:11
animal:12
animal:13
animal:14
animal:15
animal:16
animal:17
animal:18
animal:19
animal:20

縣市:宜蘭縣
縣市:花蓮縣
縣市:臺北市
縣市:臺中市
縣市:桃園市
縣市:嘉義市
縣市:高雄市
縣市:雲林縣
縣市:彰化縣
縣市:嘉義縣
縣市:屏東縣
縣市:新北市
縣市:苗栗縣
縣市:臺南市
縣市:南投縣
縣市:澎湖縣
縣市:臺東縣
縣市:連江縣
縣市:新竹市
縣市:金門縣
收容所:宜蘭縣流浪動物中途之家
收容所:花蓮縣流浪犬中途之家
收容所:臺北市動物之家
收容所:臺中市中途動物醫院
收容所:桃園市動物保護教育園區
收容所:臺中市動物之家南屯園區
收容所:嘉義市流浪動物收容所
收容所:高雄市壽山動物保護教育園區
收容所:雲林縣流浪動物收容所
收容所:彰化縣流浪狗中途之家
收容所:嘉義縣流浪犬中途之家
收容所:屏東縣流浪動物收容所
收容所:新北市新店區公立動物之家
收容所:新北市中和區公立動物之家 
收容所:新北市板橋區公立動物之家
收容所:苗栗動物收容所--狗狗收容區
收容所:臺中市愛心小站
收容所:新北市五股區公立動物之家
收容所:臺南市動物之家善化站
收容所:臺南市動物之家灣裡站
收容所:高雄市燕巢動物保護關愛園區
收容所:南投縣公立動物收容所
收容所:新北市新莊區公立動物之家
收容所:澎湖縣流浪動物收容中心
收容所:臺東縣動物收容中心
收容所:新北市三芝區公立動物之家
收容所:連江縣流浪犬收容中心
收容所:新竹市動物收容所
收容所:金門縣動物收容中心
種類:狗
種類:貓
性別:M
性別:F
體型:SMALL
體型:MEDIUM
體型:MINI
體型:BIG
毛色:黃
毛色:黑色
毛色:黑白
毛色:咖啡
毛色:黃色
毛色:三花
毛色:其他
毛色:花色
毛色:灰
毛色:白色
毛色:虎斑白
毛色:黑白色
毛色:白
毛色:橘虎斑
毛色:黑
毛色:虎斑色
毛色:黃白色
毛色:棕
毛色:虎斑
毛色:黃白
毛色:棕色
毛色:黑棕
毛色:黃虎斑
毛色:其他黑棕
毛色:黑黃
毛色:米色
毛色:黃黑
毛色:其他白棕
毛色:花
毛色:玳瑁
毛色:其他黑黃
毛色:其他三花
毛色:白底虎斑
毛色:棕白
毛色:棕黑
毛色:灰白
毛色:其他白虎斑
毛色:黑黃色
年紀:CHILD
年紀:ADULT
結紮:T
結紮:F
疫苗:T
疫苗:F

0,0
0,20
0,49
0,51
0,53
0,57
0,95
1,1
1,21
1,49
1,52
1,54
1,58
1,95
1,97
1,99
2,2
2,22
2,50
2,52
2,55
2,59
2,95
2,98
3,0
3,20
3,49
3,51
3,56
3,60
3,95
4,3
4,23
4,50
4,52
4,53
4,61
4,95
4,97
5,2
5,22
5,50
5,52
5,54
5,62
5,96
5,98
6,2
6,22
6,50
6,52
6,55
6,62
6,95
6,98
7,4
7,24
7,49
7,51
7,56
7,63
7,96
8,4
8,24
8,49
8,52
8,53
8,64
8,96
8,98
9,4
9,24
9,49
9,52
9,56
9,57
9,96
9,97
10,4
10,24
10,50
10,52
10,53
10,65
10,95
10,98
11,3
11,25
11,50
11,52
11,53
11,66
11,96
11,97
12,2
12,22
12,50
12,51
12,54
12,67
12,96
12,97
13,5
13,26
13,50
13,52
13,54
13,68
13,96
14,2
14,22
14,50
14,52
14,54
14,69
14,96
14,97
15,5
15,26
15,50
15,51
15,53
15,70
15,95
16,4
16,24
16,49
16,51
16,55
16,71
16,95
16,98
17,5
17,26
17,50
17,52
17,53
17,72
17,96
18,2
18,22
18,50
18,52
18,54
18,67
18,96
18,98
19,4
19,24
19,50
19,51
19,53
19,71
19,95
19,98

